psiMinus Witness Fidelity Lower Bound with 40 qubits and 1024 shots


zz_sum = 28.3046875
zz_avg = 0.725761217948718

x_val = -0.0703125

fidelity lower bound = 0.398036858974359
