phiMinus Witness Fidelity Lower Bound with 5 qubits and 1024 shots


zz_sum = 3.56640625
zz_avg = 0.8916015625

x_val = -0.84765625

fidelity lower bound = 0.86962890625
