GHZ Witness Fidelity Lower Bound with 6 qubits and 1024 shots


zz_sum = 0
zz_sum = 4.4296875



zz_avg = 0.8859375



x_val = 0.71484375



fidelity lower bound = 0.800390625
