GHZ Witness Fidelity Lower Bound with 6 qubits and 1024 shots


zz_sum = 0
zz_sum = 4.396484375



zz_avg = 0.879296875



x_val = 0.798828125



fidelity lower bound = 0.8390625
