GHZ Witness Fidelity Lower Bound with 2 qubits and 1024 shots


zz_sum = 0
zz_sum = 0.919921875



zz_avg = 0.919921875



x_val = 0.87890625



fidelity lower bound = 0.8994140625
