phiPlus Witness Fidelity Lower Bound with 20 qubits and 1024 shots


zz_sum = 14.8125
zz_avg = 0.7796052631578947

x_val = 0.248046875

fidelity lower bound = 0.5138260690789473
