psiMinus Witness Fidelity Lower Bound with 50 qubits and 1024 shots


zz_sum = 7.59375
zz_avg = 0.15497448979591838

x_val = 0.01953125

fidelity lower bound = 0.06772161989795919
