phiPlus Witness Fidelity Lower Bound with 45 qubits and 1024 shots


zz_sum = 27.8359375
zz_avg = 0.6326349431818182

x_val = -0.0078125

fidelity lower bound = 0.3124112215909091
