phiPlus Witness Fidelity Lower Bound with 40 qubits and 1024 shots


zz_sum = 27.271484375
zz_avg = 0.6992688301282052

x_val = -0.021484375

fidelity lower bound = 0.3388922275641026
