phiMinus Witness Fidelity Lower Bound with 45 qubits and 1024 shots


zz_sum = 27.82421875
zz_avg = 0.6323686079545454

x_val = 0.060546875

fidelity lower bound = 0.2859108664772727
