psiMinus Witness Fidelity Lower Bound with 10 qubits and 1024 shots


zz_sum = 7.810546875
zz_avg = 0.8678385416666666

x_val = -0.62890625

fidelity lower bound = 0.7483723958333333
