GHZ Witness Fidelity Lower Bound with 10 qubits and 1024 shots


zz_sum = 0
zz_sum = 8.01171875



zz_avg = 0.8901909722222222



x_val = 0.611328125



fidelity lower bound = 0.7507595486111112
