psiMinus Witness Fidelity Lower Bound with 5 qubits and 1024 shots


zz_sum = 3.671875
zz_avg = 0.91796875

x_val = -0.83984375

fidelity lower bound = 0.87890625
