phiPlus Witness Fidelity Lower Bound with 10 qubits and 1024 shots


zz_sum = 7.302734375
zz_avg = 0.8114149305555556

x_val = 0.466796875

fidelity lower bound = 0.6391059027777778
