phiMinus Witness Fidelity Lower Bound with 30 qubits and 1024 shots


zz_sum = 21.42578125
zz_avg = 0.7388200431034483

x_val = -0.015625

fidelity lower bound = 0.37722252155172414
